 &INDATA
 mgrid_file=' ', 
 nfp =   1  , 
 ncurr=   1  , 
 delt=    0.8  , 
 lfreeb = .false., 
 mpol= 12  ,  ntor=  4  , 
 ntheta=  48  ,  nzeta=  14  , 
 ns_array=   25  ,   49  ,  129, 225,
 ftol_array= 1.0e-7, 1.e-09,  1.0E-13,  1.0E-17  , 
 niter =  29999  ,  nstep =   250  , 
 am = 3.20000e+04 -3.200e+04 0.000e+04 -0.000e+05 -3.200e+04  3.200e+04 ,
 ac = 1.0 +2.0 -5.0  0.0 +2.0 , 
 curtor =  -0.612000000000000E+06  , 
 gamma=  0.000000000000000E+00  , 
 phiedge=   3.141592645000000E+00  , 
 phiedge=   0.400000000E+00  , 
 raxis =  0.880000000000000 -0.400000000000000000E-01  0.000000000000000E+00 -0.000000000000000E+00  0.000000000000000E+00
 zaxis =  0.000000000000000E+00 +0.960000000000000000E-01  0.000000000000000E+00  0.000000000000000E+00  0.000000000000000E+00
 rbc( 0 , 0)=  0.800000000000000      , zbs( 0 , 0)=  0.000000000000000E+00  , 
 rbc( 0 , 1)=  0.2000000000000000     , zbs( 0 , 1)=  0.4800000000000000000  , 
 rbc( 0 , 2)=  0.0600000000000000     , zbs( 0 , 2)=  0.0000000000000000000  , 
  /
 &end
 am = 4.00000e+04 -6.400e+04 3.200e+04 0. -0.000e+05 -1.600e+04  0.000e+06 0. -0.000e+05  0. 0.8e+04 ,%peaked at core with an edge p' 
 ac= 1.0   4.6666667 -9.0  -0.0   +3.3333333   0.0  0.0  0.0  -0.0  -0.0 0.0,
 ns_array=   25  ,   49  ,  97, 129, 177, 
 ftol_array= 1.0e-7, 1.e-09,  1.0e-12,  1.0e-15, 3.5e-16, 1.0E-17  , 
 !ai = 0.90 +0.40 -0.00 -1.10  -0.00   -0.00  -0.00  -0.00  -0.00  -0.00 -0.00,
 !curtor =  -0.665000000000000E+06  ,
